image: aligned.png
resolution: 0.05000
origin: [-29.75, -31.225, 0.000000]
negate: 0
occupied_thresh: 0.65
free_thresh: 0.196

